LINE	STOP	NODE
1	1	1
1	2	2
1	3	3
1	4	4
1	5	5
1	6	6
1	7	7
1	8	8
1	9	9
1	10	10
1	11	11
1	12	12
1	13	13
1	14	14
1	15	15
1	16	16
1	17	17
1	18	18
1	19	19
1	20	20
1	21	21
1	22	22
1	23	23
1	24	24
1	25	25
1	26	26
1	27	27
1	28	28
1	29	29
1	30	30
1	31	31
1	32	32
1	33	33
1	34	34
1	35	35
1	36	36
1	37	37
1	38	38
1	39	39
3	1	40
3	2	41
3	3	42
3	4	43
3	5	44
3	6	45
3	7	46
3	8	47
3	9	48
3	10	49
3	11	50
3	12	51
3	13	52
3	14	53
3	15	54
3	16	55
3	17	56
3	18	57
3	19	58
3	20	59
3	21	60
3	22	61
3	23	62
3	24	63
3	25	64
3	26	65
3	27	66
3	28	67
3	29	68
3	30	69
3	31	70
5	1	71
5	2	72
5	3	73
5	4	74
5	5	75
5	6	76
5	7	77
5	8	78
5	9	79
5	10	80
5	11	81
5	12	82
5	13	83
5	14	84
5	15	85
5	16	86
5	17	54
5	18	55
5	19	56
5	20	57
5	21	58
5	22	87
5	23	88
5	24	89
5	25	90
5	26	91
5	27	92
5	28	93
5	29	94
5	30	95
5	31	96
5	32	97
5	33	98
5	34	99
5	35	100
5	36	93
5	37	101
5	38	102
5	39	103
5	40	104
5	41	94
7	1	105
7	2	106
7	3	107
7	4	108
7	5	109
7	6	110
7	7	111
7	8	112
7	9	113
7	10	114
7	11	52
7	12	53
7	13	54
7	14	55
7	15	56
7	16	57
7	17	58
7	18	87
7	19	88
7	20	89
7	21	90
7	22	91
7	23	92
7	24	93
7	25	94
7	26	95
7	27	96
7	28	97
7	29	115
7	30	116
7	31	117
7	32	118
7	33	119
9	1	111
9	2	112
9	3	113
9	4	120
9	5	121
9	6	122
9	7	123
9	8	124
9	9	125
9	10	126
9	11	56
9	12	57
9	13	58
9	14	59
9	15	60
9	16	127
9	17	128
9	18	129
9	19	130
9	20	131
9	21	132
9	22	133
9	23	134
9	24	68
9	25	69
9	26	135
9	27	136
9	28	137
11	1	1
11	2	2
11	3	138
11	4	139
11	5	140
11	6	141
11	7	142
11	8	143
11	9	144
11	10	145
11	11	146
11	12	147
11	13	148
11	14	16
11	15	17
11	16	149
11	17	150
11	18	151
11	19	152
11	20	153
11	21	154
11	22	155
11	23	156
11	24	157
11	25	158
11	26	159
11	27	160
13	1	161
13	2	162
13	3	163
13	4	164
13	5	165
13	6	166
13	7	167
13	8	168
13	9	169
13	10	170
13	11	171
13	12	172
13	13	122
13	14	173
13	15	174
13	16	150
13	17	149
13	18	17
13	19	175
15	1	176
15	2	177
15	3	178
15	4	179
15	5	180
15	6	81
15	7	82
15	8	181
15	9	182
15	10	183
15	11	184
15	12	121
15	13	122
15	14	173
15	15	174
15	16	150
15	17	149
15	18	17
15	19	175
17	1	147
17	2	185
17	3	186
17	4	15
17	5	16
17	6	187
17	7	188
17	8	189
17	9	190
17	10	21
17	11	22
17	12	23
17	13	191
17	14	192
17	15	193
17	16	194
17	17	195
17	18	196
17	19	197
19	1	198
19	2	199
19	3	200
19	4	201
19	5	202
19	6	203
19	7	204
19	8	205
19	9	206
19	10	207
19	11	208
19	12	186
19	13	185
19	14	147
19	15	148
19	16	16
19	17	17
19	18	18
19	19	19
19	20	20
19	21	209
19	22	210
19	23	211
19	24	212
19	25	213
19	26	214
19	27	215
19	28	216
19	29	217
19	30	154
19	31	155
19	32	156
19	33	218
19	34	219
19	35	220
19	36	221
19	37	222
19	38	223
21	1	147
21	2	224
21	3	225
21	4	17
21	5	18
21	6	19
21	7	20
21	8	209
21	9	226
21	10	227
21	11	228
21	12	229
21	13	230
21	14	231
21	15	232
21	16	233
21	17	234
21	18	235
21	19	236
21	20	237
21	21	222
21	22	223
23	1	70
23	2	69
23	3	238
23	4	239
23	5	240
23	6	241
23	7	242
23	8	243
23	9	244
23	10	245
23	11	196
23	12	195
23	13	246
23	14	247
23	15	28
23	16	29
23	17	30
23	18	31
25	1	77
25	2	78
25	3	79
25	4	80
25	5	81
25	6	82
25	7	83
25	8	84
25	9	85
25	10	86
25	11	54
25	12	55
25	13	56
25	14	57
25	15	58
25	16	87
25	17	88
25	18	89
25	19	90
25	20	91
25	21	92
25	22	93
25	23	94
25	24	95
25	25	96
25	26	97
25	27	115
25	28	116
25	29	117
25	30	118
25	31	119
27	1	248
27	2	249
27	3	250
27	4	251
27	5	252
27	6	253
27	7	254
27	8	255
27	9	256
27	10	257
27	11	258
28	1	258
28	2	259
28	3	256
28	4	255
28	5	254
28	6	253
28	7	252
28	8	251
28	9	260
28	10	249
28	11	248
29	1	1
29	2	261
29	3	262
29	4	263
29	5	264
29	6	265
29	7	266
29	8	267
29	9	200
29	10	201
29	11	202
29	12	268
29	13	269
29	14	270
29	15	271
29	16	181
29	17	272
29	18	273
29	19	274
29	20	275
29	21	276
29	22	277
29	23	278
29	24	279
29	25	280
29	26	281
29	27	111
29	28	282
29	29	283
29	30	284
29	31	285
29	32	286
29	33	287
29	34	288
29	35	289
29	36	290
29	37	291
31	1	176
31	2	292
31	3	293
31	4	294
31	5	295
31	6	296
31	7	297
31	8	5
31	9	4
31	10	3
31	11	261
31	12	298
31	13	299
31	14	300
31	15	301
31	16	302
31	17	303
31	18	304
31	19	305
31	20	306
31	21	307
31	22	308
31	23	12
31	24	13
31	25	14
31	26	15
31	27	309
31	28	248
31	29	310
31	30	311
31	31	312
31	32	313
31	33	314
31	34	315
31	35	316
31	36	317
31	37	318
31	38	319
31	39	320
31	40	321
31	41	232
31	42	233
31	43	322
31	44	323
31	45	324
31	46	325
31	47	326
31	48	327
31	49	328
32	1	328
32	2	327
32	3	326
32	4	325
32	5	324
32	6	323
32	7	322
32	8	233
32	9	232
32	10	321
32	11	320
32	12	319
32	13	318
32	14	317
32	15	316
32	16	315
32	17	314
32	18	313
32	19	312
32	20	311
32	21	310
32	22	248
32	23	329
32	24	15
32	25	14
32	26	13
32	27	12
32	28	308
32	29	307
32	30	306
32	31	305
32	32	304
32	33	303
32	34	302
32	35	301
32	36	300
32	37	299
32	38	298
32	39	261
32	40	3
32	41	4
32	42	5
32	43	297
32	44	296
32	45	295
32	46	294
32	47	293
32	48	292
32	49	176
33	1	1
33	2	261
33	3	298
33	4	299
33	5	300
33	6	330
33	7	331
33	8	332
33	9	333
33	10	334
33	11	335
33	12	336
33	13	61
33	14	62
33	15	63
33	16	64
33	17	337
33	18	338
33	19	339
33	20	340
33	21	341
33	22	342
33	23	343
33	24	344
33	25	345
33	26	346
33	27	347
33	28	348
33	29	349
33	30	350
33	31	351
33	32	321
33	33	232
33	34	352
33	35	353
33	36	354
33	37	355
33	38	356
33	39	357
33	40	358
33	41	359
33	42	283
33	43	282
33	44	111
33	45	360
33	46	361
33	47	362
33	48	276
33	49	363
34	1	363
34	2	276
34	3	362
34	4	361
34	5	360
34	6	111
34	7	282
34	8	283
34	9	359
34	10	358
34	11	357
34	12	356
34	13	355
34	14	354
34	15	353
34	16	352
34	17	232
34	18	321
34	19	351
34	20	350
34	21	349
34	22	348
34	23	347
34	24	346
34	25	364
34	26	365
34	27	343
34	28	366
34	29	341
34	30	340
34	31	339
34	32	338
34	33	337
34	34	64
34	35	63
34	36	62
34	37	61
34	38	336
34	39	335
34	40	334
34	41	333
34	42	332
34	43	331
34	44	330
34	45	300
34	46	299
34	47	298
34	48	261
34	49	1
35	1	367
35	2	368
35	3	369
35	4	370
35	5	371
35	6	372
35	7	373
35	8	374
35	9	179
35	10	375
35	11	376
35	12	377
35	13	378
35	14	202
35	15	203
35	16	379
35	17	380
35	18	11
35	19	381
35	20	12
35	21	13
35	22	14
35	23	15
35	24	309
35	25	248
35	26	382
35	27	383
35	28	384
35	29	385
35	30	386
35	31	387
35	32	388
35	33	389
35	34	390
35	35	391
35	36	132
35	37	392
36	1	392
36	2	132
36	3	391
36	4	390
36	5	389
36	6	388
36	7	387
36	8	386
36	9	385
36	10	384
36	11	383
36	12	382
36	13	248
36	14	309
36	15	15
36	16	14
36	17	13
36	18	12
36	19	11
36	20	380
36	21	379
36	22	203
36	23	202
36	24	268
36	25	376
36	26	375
36	27	179
36	28	374
36	29	373
36	30	372
36	31	371
36	32	370
36	33	369
36	34	368
36	35	393
36	36	367
37	1	394
37	2	55
37	3	395
37	4	396
37	5	397
37	6	398
37	7	399
37	8	400
37	9	401
37	10	402
37	11	283
37	12	284
37	13	285
37	14	403
37	15	404
37	16	405
37	17	406
37	18	407
37	19	291
39	1	367
39	2	393
39	3	368
39	4	408
39	5	409
39	6	72
39	7	71
39	8	410
39	9	44
39	10	279
39	11	280
39	12	281
39	13	111
39	14	401
39	15	400
39	16	399
39	17	398
39	18	411
39	19	412
39	20	413
39	21	414
39	22	415
39	23	313
39	24	312
39	25	311
39	26	310
39	27	188
39	28	416
39	29	417
39	30	418
39	31	419
39	32	420
39	33	341
41	1	421
41	2	422
41	3	294
41	4	295
41	5	200
41	6	201
41	7	423
41	8	11
41	9	381
41	10	12
41	11	13
41	12	14
41	13	15
41	14	309
41	15	248
41	16	424
41	17	425
41	18	416
41	19	417
41	20	418
41	21	419
41	22	420
41	23	341
42	1	341
42	2	420
42	3	419
42	4	418
42	5	417
42	6	416
42	7	425
42	8	424
42	9	248
42	10	329
42	11	15
42	12	14
42	13	13
42	14	12
42	15	11
42	16	423
42	17	201
42	18	200
42	19	295
42	20	294
42	21	422
42	22	421
43	1	426
43	2	427
43	3	331
43	4	332
43	5	333
43	6	428
43	7	429
43	8	260
43	9	249
43	10	248
43	11	329
43	12	430
43	13	310
43	14	311
43	15	312
43	16	313
43	17	314
43	18	315
43	19	316
43	20	317
43	21	318
43	22	319
43	23	320
43	24	321
43	25	232
44	1	232
44	2	321
44	3	320
44	4	319
44	5	318
44	6	317
44	7	316
44	8	315
44	9	314
44	10	313
44	11	312
44	12	311
44	13	310
44	14	430
44	15	309
44	16	248
44	17	249
44	18	250
44	19	429
44	20	428
44	21	333
44	22	332
44	23	331
44	24	426
